# Table of Angular offsets between Transit Crossings
# of the Galactic Plane
# Glen Langston -- NSF -- glangsto@nsf.gov
#  Dec     RA1     RA2   Delta RA  Lon1    Lon2
#  (d)     (d)     (d)     (d)      (d)     (d) 
 -90.00  192.36  193.15    0.79   302.7   303.1 
 -89.82  192.36  193.15    0.79   302.7   303.1 
 -89.64  192.36  193.15    0.79   302.7   303.1 
 -89.46  192.36  193.15    0.79   302.7   303.1 
 -89.28  192.36  193.15    0.79   302.7   303.1 
 -89.10  192.36  193.15    0.79   302.7   303.1 
 -88.92  192.36  193.15    0.79   302.7   303.1 
 -88.74  192.36  193.15    0.79   302.7   303.1 
 -88.56  192.36  193.15    0.79   302.7   303.1 
 -88.38  192.36  193.15    0.79   302.7   303.1 
 -88.20  192.36  193.15    0.79   302.7   303.1 
 -88.02  192.36  193.15    0.79   302.7   303.1 
 -87.84  192.36  193.15    0.79   302.7   303.1 
 -87.66  192.36  193.15    0.79   302.7   303.1 
 -87.48  192.36  193.15    0.79   302.7   303.1 
 -87.30  192.36  193.15    0.79   302.7   303.1 
 -87.12  192.36  193.15    0.79   302.7   303.1 
 -86.94  192.36  193.15    0.79   302.7   303.1 
 -86.76  192.36  193.15    0.79   302.7   303.1 
 -86.58  192.36  193.15    0.79   302.7   303.1 
 -86.40  192.36  193.15    0.79   302.7   303.1 
 -86.22  192.36  193.15    0.79   302.7   303.1 
 -86.04  192.36  193.15    0.79   302.7   303.1 
 -85.86  192.36  193.15    0.79   302.7   303.1 
 -85.68  192.36  193.15    0.79   302.7   303.1 
 -85.50  192.36  193.15    0.79   302.7   303.1 
 -85.32  192.36  193.15    0.79   302.7   303.1 
 -85.14  192.36  193.15    0.79   302.7   303.1 
 -84.95  192.36  193.15    0.79   302.7   303.1 
 -84.77  192.36  193.15    0.79   302.7   303.1 
 -84.59  192.36  193.15    0.79   302.7   303.1 
 -84.41  192.36  193.15    0.79   302.7   303.1 
 -84.23  192.36  193.15    0.79   302.7   303.1 
 -84.05  192.36  193.15    0.79   302.7   303.1 
 -83.87  192.36  193.15    0.79   302.7   303.1 
 -83.69  192.36  193.15    0.79   302.7   303.1 
 -83.51  192.36  193.15    0.79   302.7   303.1 
 -83.33  192.36  193.15    0.79   302.7   303.1 
 -83.15  192.36  193.15    0.79   302.7   303.1 
 -82.97  192.36  193.15    0.79   302.7   303.1 
 -82.79  192.36  193.15    0.79   302.7   303.1 
 -82.61  192.36  193.15    0.79   302.7   303.1 
 -82.43  192.36  193.15    0.79   302.7   303.1 
 -82.25  192.36  193.15    0.79   302.7   303.1 
 -82.07  192.36  193.15    0.79   302.7   303.1 
 -81.89  192.36  193.15    0.79   302.7   303.1 
 -81.71  192.36  193.15    0.79   302.7   303.1 
 -81.53  192.36  193.15    0.79   302.7   303.1 
 -81.35  192.36  193.15    0.79   302.7   303.1 
 -81.17  192.36  193.15    0.79   302.7   303.1 
 -80.99  192.36  193.15    0.79   302.7   303.1 
 -80.81  192.36  193.15    0.79   302.7   303.1 
 -80.63  192.36  193.15    0.79   302.7   303.1 
 -80.45  192.36  193.15    0.79   302.7   303.1 
 -80.27  192.36  193.15    0.79   302.7   303.1 
 -80.09  192.36  193.15    0.79   302.7   303.1 
 -79.91  192.36  193.15    0.79   302.7   303.1 
 -79.73  192.36  193.15    0.79   302.7   303.1 
 -79.55  192.36  193.15    0.79   302.7   303.1 
 -79.37  192.36  193.15    0.79   302.7   303.1 
 -79.19  192.36  193.15    0.79   302.7   303.1 
 -79.01  192.36  193.15    0.79   302.7   303.1 
 -78.83  192.36  193.15    0.79   302.7   303.1 
 -78.65  192.36  193.15    0.79   302.7   303.1 
 -78.47  192.36  193.15    0.79   302.7   303.1 
 -78.29  192.36  193.15    0.79   302.7   303.1 
 -78.11  192.36  193.15    0.79   302.7   303.1 
 -77.93  192.36  193.15    0.79   302.7   303.1 
 -77.75  192.36  193.15    0.79   302.7   303.1 
 -77.57  192.36  193.15    0.79   302.7   303.1 
 -77.39  192.36  193.15    0.79   302.7   303.1 
 -77.21  192.36  193.15    0.79   302.7   303.1 
 -77.03  192.36  193.15    0.79   302.7   303.1 
 -76.85  192.36  193.15    0.79   302.7   303.1 
 -76.67  192.36  193.15    0.79   302.7   303.1 
 -76.49  192.36  193.15    0.79   302.7   303.1 
 -76.31  192.36  193.15    0.79   302.7   303.1 
 -76.13  192.36  193.15    0.79   302.7   303.1 
 -75.95  192.36  193.15    0.79   302.7   303.1 
 -75.77  192.36  193.15    0.79   302.7   303.1 
 -75.59  192.36  193.15    0.79   302.7   303.1 
 -75.41  192.36  193.15    0.79   302.7   303.1 
 -75.23  192.36  193.15    0.79   302.7   303.1 
 -75.05  192.36  193.15    0.79   302.7   303.1 
 -74.86  192.36  193.15    0.79   302.7   303.1 
 -74.68  192.36  193.15    0.79   302.7   303.1 
 -74.50  192.36  193.15    0.79   302.7   303.1 
 -74.32  192.36  193.15    0.79   302.7   303.1 
 -74.14  192.36  193.15    0.79   302.7   303.1 
 -73.96  192.36  193.15    0.79   302.7   303.1 
 -73.78  192.36  193.15    0.79   302.7   303.1 
 -73.60  192.36  193.15    0.79   302.7   303.1 
 -73.42  192.36  193.15    0.79   302.7   303.1 
 -73.24  192.36  193.15    0.79   302.7   303.1 
 -73.06  192.36  193.15    0.79   302.7   303.1 
 -72.88  192.36  193.15    0.79   302.7   303.1 
 -72.70  192.36  193.15    0.79   302.7   303.1 
 -72.52  192.36  193.15    0.79   302.7   303.1 
 -72.34  192.36  193.15    0.79   302.7   303.1 
 -72.16  192.36  193.15    0.79   302.7   303.1 
 -71.98  192.36  193.15    0.79   302.7   303.1 
 -71.80  192.36  193.15    0.79   302.7   303.1 
 -71.62  192.36  193.15    0.79   302.7   303.1 
 -71.44  192.36  193.15    0.79   302.7   303.1 
 -71.26  192.36  193.15    0.79   302.7   303.1 
 -71.08  192.36  193.15    0.79   302.7   303.1 
 -70.90  192.36  193.15    0.79   302.7   303.1 
 -70.72  192.36  193.15    0.79   302.7   303.1 
 -70.54  192.36  193.15    0.79   302.7   303.1 
 -70.36  192.36  193.15    0.79   302.7   303.1 
 -70.18  192.36  193.15    0.79   302.7   303.1 
 -70.00  192.36  193.15    0.79   302.7   303.1 
 -69.82  192.36  193.15    0.79   302.7   303.1 
 -69.64  192.36  193.15    0.79   302.7   303.1 
 -69.46  192.36  193.15    0.79   302.7   303.1 
 -69.28  192.36  193.15    0.79   302.7   303.1 
 -69.10  192.36  193.15    0.79   302.7   303.1 
 -68.92  192.36  193.15    0.79   302.7   303.1 
 -68.74  192.36  193.15    0.79   302.7   303.1 
 -68.56  192.36  193.15    0.79   302.7   303.1 
 -68.38  192.36  193.15    0.79   302.7   303.1 
 -68.20  192.36  193.15    0.79   302.7   303.1 
 -68.02  192.36  193.15    0.79   302.7   303.1 
 -67.84  192.36  193.15    0.79   302.7   303.1 
 -67.66  192.36  193.15    0.79   302.7   303.1 
 -67.48  192.36  193.15    0.79   302.7   303.1 
 -67.30  192.36  193.15    0.79   302.7   303.1 
 -67.12  192.36  193.15    0.79   302.7   303.1 
 -66.94  192.36  193.15    0.79   302.7   303.1 
 -66.76  192.36  193.15    0.79   302.7   303.1 
 -66.58  192.36  193.15    0.79   302.7   303.1 
 -66.40  192.36  193.15    0.79   302.7   303.1 
 -66.22  192.36  193.15    0.79   302.7   303.1 
 -66.04  192.36  193.15    0.79   302.7   303.1 
 -65.86  192.36  193.15    0.79   302.7   303.1 
 -65.68  192.36  193.15    0.79   302.7   303.1 
 -65.50  192.36  193.15    0.79   302.7   303.1 
 -65.32  192.36  193.15    0.79   302.7   303.1 
 -65.14  192.36  193.15    0.79   302.7   303.1 
 -64.95  192.36  193.15    0.79   302.7   303.1 
 -64.77  192.36  193.15    0.79   302.7   303.1 
 -64.59  192.36  193.15    0.79   302.7   303.1 
 -64.41  192.36  193.15    0.79   302.7   303.1 
 -64.23  192.36  193.15    0.79   302.7   303.1 
 -64.05  192.36  193.15    0.79   302.7   303.1 
 -63.87  192.36  193.15    0.79   302.7   303.1 
 -63.69  192.36  193.15    0.79   302.7   303.1 
 -63.51  192.36  193.15    0.79   302.7   303.1 
 -63.33  192.36  193.15    0.79   302.7   303.1 
 -63.15  192.36  193.15    0.79   302.7   303.1 
 -62.97  192.36  193.15    0.79   302.7   303.1 
 -62.79  188.41  197.88    9.47   300.9   305.2 
 -62.61  184.50  201.01   16.51   299.1   306.7 
 -62.43  181.41  204.10   22.68   297.7   308.1 
 -62.25  179.89  205.62   25.73   296.9   308.8 
 -62.07  177.63  207.88   30.25   295.9   309.9 
 -61.89  176.15  209.37   33.23   295.1   310.6 
 -61.71  174.68  210.84   36.17   294.4   311.4 
 -61.53  173.95  212.29   38.34   294.1   312.1 
 -61.35  172.51  213.01   40.50   293.3   312.4 
 -61.17  171.09  214.43   43.34   292.6   313.2 
 -60.99  170.39  215.14   44.75   292.3   313.5 
 -60.81  169.69  216.53   46.83   291.9   314.2 
 -60.63  168.32  217.21   48.90   291.2   314.6 
 -60.45  167.64  217.90   50.26   290.8   315.0 
 -60.27  166.97  219.24   52.27   290.5   315.7 
 -60.09  165.64  219.90   54.27   289.7   316.0 
 -59.91  164.98  220.56   55.58   289.4   316.4 
 -59.73  164.33  221.21   56.89   289.0   316.8 
 -59.55  163.68  222.50   58.82   288.6   317.5 
 -59.37  163.05  223.13   60.09   288.3   317.8 
 -59.19  161.79  223.76   61.98   287.6   318.2 
 -59.01  161.17  224.38   63.22   287.2   318.6 
 -58.83  160.55  225.00   64.45   286.8   318.9 
 -58.65  159.94  225.61   65.67   286.5   319.3 
 -58.47  159.34  226.22   66.87   286.1   319.6 
 -58.29  158.74  226.81   68.07   285.8   320.0 
 -58.11  158.15  227.41   69.25   285.4   320.4 
 -57.93  157.57  227.99   70.42   285.0   320.7 
 -57.75  156.99  228.57   71.58   284.7   321.1 
 -57.57  156.42  229.15   72.73   284.3   321.4 
 -57.39  155.85  229.71   73.86   284.0   321.8 
 -57.21  155.29  230.28   74.98   283.6   322.2 
 -57.03  155.29  230.83   75.54   283.6   322.5 
 -56.85  154.74  231.38   76.65   283.2   322.9 
 -56.67  154.19  231.93   77.74   282.9   323.2 
 -56.49  153.64  231.93   78.28   282.5   323.2 
 -56.31  153.11  232.47   79.36   282.2   323.6 
 -56.13  152.58  233.00   80.42   281.8   324.0 
 -55.95  152.05  233.53   81.48   281.4   324.3 
 -55.77  151.53  234.05   82.52   281.1   324.7 
 -55.59  151.02  234.56   83.55   280.7   325.0 
 -55.41  151.02  235.07   84.06   280.7   325.4 
 -55.23  150.51  235.07   84.57   280.4   325.4 
 -55.05  150.00  235.58   85.58   280.0   325.8 
 -54.86  149.51  236.08   86.57   279.6   326.1 
 -54.68  149.01  236.57   87.56   279.3   326.5 
 -54.50  149.01  237.06   88.05   279.3   326.8 
 -54.32  148.53  237.54   89.02   278.9   327.2 
 -54.14  148.04  237.54   89.50   278.6   327.2 
 -53.96  147.57  238.02   90.46   278.2   327.6 
 -53.78  147.10  238.50   91.40   277.8   327.9 
 -53.60  147.10  238.96   91.87   277.8   328.3 
 -53.42  146.63  238.96   92.33   277.5   328.3 
 -53.24  146.17  239.43   93.26   277.1   328.6 
 -53.06  145.71  239.88   94.17   276.8   329.0 
 -52.88  145.26  240.34   95.08   276.4   329.4 
 -52.70  145.26  240.78   95.52   276.4   329.7 
 -52.52  144.81  240.78   95.97   276.0   329.7 
 -52.34  144.37  241.23   96.86   275.7   330.1 
 -52.16  143.93  241.67   97.73   275.3   330.5 
 -51.98  143.93  242.10   98.16   275.3   330.8 
 -51.80  143.50  242.10   98.60   275.0   330.8 
 -51.62  143.08  242.53   99.45   274.6   331.2 
 -51.44  142.65  242.95  100.30   274.2   331.5 
 -51.26  142.65  243.37  100.72   274.2   331.9 
 -51.08  142.23  243.37  101.14   273.9   331.9 
 -50.90  141.82  243.79  101.97   273.5   332.3 
 -50.72  141.82  244.20  102.38   273.5   332.6 
 -50.54  141.41  244.20  102.79   273.2   332.6 
 -50.36  141.00  244.60  103.60   272.8   333.0 
 -50.18  140.60  245.01  104.40   272.4   333.3 
 -50.00  140.60  245.40  104.80   272.4   333.7 
 -49.82  140.21  245.40  105.20   272.1   333.7 
 -49.64  139.81  245.80  105.98   271.7   334.1 
 -49.46  139.81  246.19  106.37   271.7   334.4 
 -49.28  139.43  246.19  106.76   271.4   334.4 
 -49.10  139.04  246.57  107.53   271.0   334.8 
 -48.92  139.04  246.95  107.91   271.0   335.1 
 -48.74  138.66  246.95  108.29   270.6   335.1 
 -48.56  138.28  247.33  109.05   270.3   335.5 
 -48.38  137.91  247.71  109.79   269.9   335.9 
 -48.20  137.91  248.08  110.16   269.9   336.2 
 -48.02  137.54  248.08  110.53   269.5   336.2 
 -47.84  137.18  248.44  111.26   269.2   336.6 
 -47.66  137.18  248.80  111.63   269.2   336.9 
 -47.48  136.82  248.80  111.99   268.8   336.9 
 -47.30  136.46  249.16  112.71   268.5   337.3 
 -47.12  136.46  249.52  113.06   268.5   337.7 
 -46.94  136.10  249.52  113.41   268.1   337.7 
 -46.76  135.75  249.87  114.12   267.7   338.0 
 -46.58  135.75  250.22  114.47   267.7   338.4 
 -46.40  135.41  250.22  114.81   267.4   338.4 
 -46.22  135.06  250.56  115.50   267.0   338.7 
 -46.04  135.06  250.90  115.84   267.0   339.1 
 -45.86  134.72  250.90  116.18   266.7   339.1 
 -45.68  134.38  251.24  116.86   266.3   339.5 
 -45.50  134.38  251.58  117.19   266.3   339.8 
 -45.32  134.05  251.58  117.53   265.9   339.8 
 -45.14  133.72  251.91  118.19   265.6   340.2 
 -44.95  133.72  252.24  118.52   265.6   340.5 
 -44.77  133.39  252.24  118.84   265.2   340.5 
 -44.59  133.07  252.56  119.49   264.9   340.9 
 -44.41  133.07  252.88  119.82   264.9   341.3 
 -44.23  132.75  252.88  120.14   264.5   341.3 
 -44.05  132.43  253.20  120.77   264.1   341.6 
 -43.87  132.43  253.20  120.77   264.1   341.6 
 -43.69  132.11  253.52  121.41   263.8   342.0 
 -43.51  132.11  253.83  121.72   263.8   342.3 
 -43.33  131.80  253.83  122.03   263.4   342.3 
 -43.15  131.49  254.14  122.65   263.1   342.7 
 -42.97  131.49  254.45  122.96   263.1   343.1 
 -42.79  131.19  254.45  123.27   262.7   343.1 
 -42.61  130.88  254.76  123.87   262.3   343.4 
 -42.43  130.88  255.06  124.18   262.3   343.8 
 -42.25  130.58  255.06  124.48   262.0   343.8 
 -42.07  130.28  255.36  125.07   261.6   344.1 
 -41.89  130.28  255.36  125.07   261.6   344.1 
 -41.71  129.99  255.65  125.67   261.3   344.5 
 -41.53  129.99  255.95  125.96   261.3   344.9 
 -41.35  129.69  255.95  126.25   260.9   344.9 
 -41.17  129.40  256.24  126.84   260.5   345.2 
 -40.99  129.40  256.53  127.12   260.5   345.6 
 -40.81  129.11  256.53  127.41   260.2   345.6 
 -40.63  128.83  256.81  127.98   259.8   345.9 
 -40.45  128.83  257.10  128.27   259.8   346.3 
 -40.27  128.55  257.10  128.55   259.5   346.3 
 -40.09  128.55  257.38  128.83   259.5   346.7 
 -39.91  128.26  257.38  129.11   259.1   346.7 
 -39.73  127.99  257.66  129.67   258.7   347.0 
 -39.55  127.99  257.93  129.95   258.7   347.4 
 -39.37  127.71  257.93  130.22   258.4   347.4 
 -39.19  127.44  258.21  130.77   258.0   347.7 
 -39.01  127.44  258.21  130.77   258.0   347.7 
 -38.83  127.17  258.48  131.31   257.7   348.1 
 -38.65  127.17  258.75  131.58   257.7   348.5 
 -38.47  126.90  258.75  131.85   257.3   348.5 
 -38.29  126.63  259.02  132.39   256.9   348.8 
 -38.11  126.63  259.28  132.65   256.9   349.2 
 -37.93  126.36  259.28  132.92   256.6   349.2 
 -37.75  126.10  259.55  133.45   256.2   349.5 
 -37.57  126.10  259.55  133.45   256.2   349.5 
 -37.39  125.84  259.81  133.97   255.9   349.9 
 -37.21  125.84  260.07  134.23   255.9   350.3 
 -37.03  125.58  260.07  134.49   255.5   350.3 
 -36.85  125.32  260.32  135.00   255.1   350.6 
 -36.67  125.32  260.32  135.00   255.1   350.6 
 -36.49  125.07  260.58  135.51   254.8   351.0 
 -36.31  125.07  260.83  135.76   254.8   351.4 
 -36.13  124.82  260.83  136.02   254.4   351.4 
 -35.95  124.57  261.08  136.52   254.1   351.7 
 -35.77  124.57  261.08  136.52   254.1   351.7 
 -35.59  124.32  261.33  137.02   253.7   352.1 
 -35.41  124.32  261.58  137.26   253.7   352.4 
 -35.23  124.07  261.58  137.51   253.3   352.4 
 -35.05  123.82  261.83  138.00   253.0   352.8 
 -34.86  123.82  261.83  138.00   253.0   352.8 
 -34.68  123.58  262.07  138.49   252.6   353.2 
 -34.50  123.58  262.31  138.73   252.6   353.5 
 -34.32  123.34  262.31  138.97   252.3   353.5 
 -34.14  123.10  262.55  139.45   251.9   353.9 
 -33.96  123.10  262.55  139.45   251.9   353.9 
 -33.78  122.86  262.79  139.93   251.5   354.2 
 -33.60  122.86  263.03  140.17   251.5   354.6 
 -33.42  122.62  263.03  140.41   251.2   354.6 
 -33.24  122.39  263.27  140.88   250.8   355.0 
 -33.06  122.39  263.27  140.88   250.8   355.0 
 -32.88  122.16  263.50  141.34   250.5   355.3 
 -32.70  122.16  263.73  141.58   250.5   355.7 
 -32.52  121.92  263.73  141.81   250.1   355.7 
 -32.34  121.69  263.96  142.27   249.7   356.0 
 -32.16  121.69  263.96  142.27   249.7   356.0 
 -31.98  121.46  264.19  142.73   249.4   356.4 
 -31.80  121.46  264.42  142.95   249.4   356.8 
 -31.62  121.24  264.42  143.18   249.0   356.8 
 -31.44  121.01  264.65  143.63   248.6   357.1 
 -31.26  121.01  264.65  143.63   248.6   357.1 
 -31.08  120.79  264.87  144.08   248.3   357.5 
 -30.90  120.79  265.09  144.31   248.3   357.8 
 -30.72  120.56  265.09  144.53   247.9   357.8 
 -30.54  120.56  265.32  144.75   247.9   358.2 
 -30.36  120.34  265.32  144.97   247.6   358.2 
 -30.18  120.12  265.54  145.41   247.2   358.6 
 -30.00  120.12  265.76  145.63   247.2   358.9 
 -29.82  119.90  265.76  145.85   246.8   358.9 
 -29.64  119.90  265.97  146.07   246.8   359.3 
 -29.46  119.69  265.97  146.29   246.5   359.3 
 -29.28  119.47  266.19  146.72   246.1   359.6 
 -29.10  119.47  266.19  146.72   246.1   359.6 
 -28.92  119.26  266.40  147.15   245.8     0.0 
 -28.74  119.26  266.62  147.36   245.8     0.4 
 -28.56  119.04  266.62  147.58   245.4     0.4 
 -28.38  118.83  266.83  148.00   245.0     0.7 
 -28.20  118.83  266.83  148.00   245.0     0.7 
 -28.02  118.62  267.04  148.42   244.7     1.1 
 -27.84  118.62  267.25  148.63   244.7     1.4 
 -27.66  118.41  267.25  148.84   244.3     1.4 
 -27.48  118.41  267.46  149.05   244.3     1.8 
 -27.30  118.20  267.46  149.26   244.0     1.8 
 -27.12  117.99  267.67  149.68   243.6     2.2 
 -26.94  117.99  267.67  149.68   243.6     2.2 
 -26.76  117.79  267.88  150.09   243.2     2.5 
 -26.58  117.79  268.08  150.30   243.2     2.9 
 -26.40  117.58  268.08  150.50   242.9     2.9 
 -26.22  117.38  268.29  150.91   242.5     3.2 
 -26.04  117.38  268.29  150.91   242.5     3.2 
 -25.86  117.17  268.49  151.32   242.2     3.6 
 -25.68  117.17  268.69  151.52   242.2     4.0 
 -25.50  116.97  268.69  151.72   241.8     4.0 
 -25.32  116.97  268.89  151.92   241.8     4.3 
 -25.14  116.77  268.89  152.12   241.4     4.3 
 -24.95  116.57  269.09  152.52   241.1     4.7 
 -24.77  116.57  269.09  152.52   241.1     4.7 
 -24.59  116.37  269.29  152.92   240.7     5.0 
 -24.41  116.37  269.49  153.12   240.7     5.4 
 -24.23  116.17  269.49  153.32   240.4     5.4 
 -24.05  116.17  269.69  153.52   240.4     5.8 
 -23.87  115.98  269.69  153.71   240.0     5.8 
 -23.69  115.78  269.89  154.11   239.6     6.1 
 -23.51  115.78  269.89  154.11   239.6     6.1 
 -23.33  115.59  270.08  154.50   239.3     6.5 
 -23.15  115.59  270.28  154.69   239.3     6.8 
 -22.97  115.39  270.28  154.88   238.9     6.8 
 -22.79  115.20  270.47  155.27   238.6     7.2 
 -22.61  115.20  270.47  155.27   238.6     7.2 
 -22.43  115.01  270.66  155.66   238.2     7.6 
 -22.25  115.01  270.85  155.85   238.2     7.9 
 -22.07  114.81  270.85  156.04   237.8     7.9 
 -21.89  114.81  271.04  156.23   237.8     8.3 
 -21.71  114.62  271.04  156.42   237.5     8.3 
 -21.53  114.43  271.23  156.80   237.1     8.6 
 -21.35  114.43  271.23  156.80   237.1     8.6 
 -21.17  114.24  271.42  157.18   236.8     9.0 
 -20.99  114.24  271.61  157.37   236.8     9.4 
 -20.81  114.06  271.61  157.56   236.4     9.4 
 -20.63  114.06  271.80  157.74   236.4     9.7 
 -20.45  113.87  271.80  157.93   236.0     9.7 
 -20.27  113.68  271.99  158.31   235.7    10.1 
 -20.09  113.68  271.99  158.31   235.7    10.1 
 -19.91  113.50  272.17  158.68   235.3    10.5 
 -19.73  113.50  272.36  158.86   235.3    10.8 
 -19.55  113.31  272.36  159.05   235.0    10.8 
 -19.37  113.31  272.54  159.23   235.0    11.2 
 -19.19  113.13  272.54  159.42   234.6    11.2 
 -19.01  112.94  272.73  159.79   234.2    11.5 
 -18.83  112.94  272.73  159.79   234.2    11.5 
 -18.65  112.76  272.91  160.15   233.9    11.9 
 -18.47  112.76  273.09  160.34   233.9    12.3 
 -18.29  112.58  273.09  160.52   233.5    12.3 
 -18.11  112.58  273.28  160.70   233.5    12.6 
 -17.93  112.39  273.28  160.88   233.2    12.6 
 -17.75  112.21  273.46  161.24   232.8    13.0 
 -17.57  112.21  273.46  161.24   232.8    13.0 
 -17.39  112.03  273.64  161.61   232.4    13.3 
 -17.21  112.03  273.82  161.79   232.4    13.7 
 -17.03  111.85  273.82  161.97   232.1    13.7 
 -16.85  111.85  274.00  162.14   232.1    14.1 
 -16.67  111.67  274.00  162.32   231.7    14.1 
 -16.49  111.49  274.18  162.68   231.4    14.4 
 -16.31  111.49  274.18  162.68   231.4    14.4 
 -16.13  111.32  274.35  163.04   231.0    14.8 
 -15.95  111.32  274.35  163.04   231.0    14.8 
 -15.77  111.14  274.53  163.39   230.6    15.1 
 -15.59  111.14  274.71  163.57   230.6    15.5 
 -15.41  110.96  274.71  163.75   230.3    15.5 
 -15.23  110.96  274.89  163.92   230.3    15.9 
 -15.05  110.79  274.89  164.10   229.9    15.9 
 -14.86  110.61  275.06  164.45   229.5    16.2 
 -14.68  110.61  275.06  164.45   229.5    16.2 
 -14.50  110.43  275.24  164.80   229.2    16.6 
 -14.32  110.43  275.41  164.98   229.2    16.9 
 -14.14  110.26  275.41  165.15   228.8    16.9 
 -13.96  110.26  275.59  165.33   228.8    17.3 
 -13.78  110.08  275.59  165.50   228.5    17.3 
 -13.60  109.91  275.76  165.85   228.1    17.7 
 -13.42  109.91  275.76  165.85   228.1    17.7 
 -13.24  109.74  275.94  166.20   227.7    18.0 
 -13.06  109.74  276.11  166.37   227.7    18.4 
 -12.88  109.56  276.11  166.54   227.4    18.4 
 -12.70  109.56  276.28  166.72   227.4    18.7 
 -12.52  109.39  276.28  166.89   227.0    18.7 
 -12.34  109.22  276.45  167.23   226.7    19.1 
 -12.16  109.22  276.45  167.23   226.7    19.1 
 -11.98  109.05  276.63  167.58   226.3    19.5 
 -11.80  109.05  276.80  167.75   226.3    19.8 
 -11.62  108.88  276.80  167.92   225.9    19.8 
 -11.44  108.88  276.97  168.09   225.9    20.2 
 -11.26  108.70  276.97  168.26   225.6    20.2 
 -11.08  108.53  277.14  168.60   225.2    20.5 
 -10.90  108.53  277.14  168.60   225.2    20.5 
 -10.72  108.36  277.31  168.95   224.9    20.9 
 -10.54  108.36  277.31  168.95   224.9    20.9 
 -10.36  108.19  277.48  169.29   224.5    21.3 
 -10.18  108.19  277.65  169.45   224.5    21.6 
 -10.00  108.02  277.65  169.62   224.1    21.6 
  -9.82  108.02  277.82  169.79   224.1    22.0 
  -9.64  107.86  277.82  169.96   223.8    22.0 
  -9.46  107.69  277.99  170.30   223.4    22.3 
  -9.28  107.69  277.99  170.30   223.4    22.3 
  -9.10  107.52  278.16  170.64   223.1    22.7 
  -8.92  107.52  278.32  170.81   223.1    23.1 
  -8.74  107.35  278.32  170.97   222.7    23.1 
  -8.56  107.35  278.49  171.14   222.7    23.4 
  -8.38  107.18  278.49  171.31   222.3    23.4 
  -8.20  107.01  278.66  171.65   222.0    23.8 
  -8.02  107.01  278.66  171.65   222.0    23.8 
  -7.84  106.85  278.83  171.98   221.6    24.1 
  -7.66  106.85  278.83  171.98   221.6    24.1 
  -7.48  106.68  278.99  172.32   221.3    24.5 
  -7.30  106.68  279.16  172.48   221.3    24.9 
  -7.12  106.51  279.16  172.65   220.9    24.9 
  -6.94  106.51  279.33  172.82   220.9    25.2 
  -6.76  106.35  279.33  172.98   220.5    25.2 
  -6.58  106.18  279.50  173.32   220.2    25.6 
  -6.40  106.18  279.50  173.32   220.2    25.6 
  -6.22  106.01  279.66  173.65   219.8    25.9 
  -6.04  106.01  279.83  173.82   219.8    26.3 
  -5.86  105.85  279.83  173.98   219.5    26.3 
  -5.68  105.85  279.99  174.15   219.5    26.7 
  -5.50  105.68  279.99  174.31   219.1    26.7 
  -5.32  105.51  280.16  174.64   218.7    27.0 
  -5.14  105.51  280.16  174.64   218.7    27.0 
  -4.95  105.35  280.32  174.98   218.4    27.4 
  -4.77  105.35  280.32  174.98   218.4    27.4 
  -4.59  105.18  280.49  175.31   218.0    27.7 
  -4.41  105.18  280.66  175.47   218.0    28.1 
  -4.23  105.02  280.66  175.64   217.7    28.1 
  -4.05  105.02  280.82  175.80   217.7    28.5 
  -3.87  104.85  280.82  175.97   217.3    28.5 
  -3.69  104.69  280.99  176.30   216.9    28.8 
  -3.51  104.69  280.99  176.30   216.9    28.8 
  -3.33  104.52  281.15  176.63   216.6    29.2 
  -3.15  104.52  281.32  176.79   216.6    29.5 
  -2.97  104.36  281.32  176.96   216.2    29.5 
  -2.79  104.36  281.48  177.12   216.2    29.9 
  -2.61  104.19  281.48  177.29   215.9    29.9 
  -2.43  104.03  281.65  177.62   215.5    30.3 
  -2.25  104.03  281.65  177.62   215.5    30.3 
  -2.07  103.86  281.81  177.95   215.1    30.6 
  -1.89  103.86  281.81  177.95   215.1    30.6 
  -1.71  103.70  281.97  178.27   214.8    31.0 
  -1.53  103.70  282.14  178.44   214.8    31.4 
  -1.35  103.54  282.14  178.60   214.4    31.4 
  -1.17  103.54  282.30  178.77   214.4    31.7 
  -0.99  103.37  282.30  178.93   214.1    31.7 
  -0.81  103.21  282.47  179.26   213.7    32.1 
  -0.63  103.21  282.47  179.26   213.7    32.1 
  -0.45  103.04  282.63  179.59   213.3    32.4 
  -0.27  103.04  282.80  179.75   213.3    32.8 
  -0.09  102.88  282.80  179.92   213.0    32.8 
   0.09  102.88  282.96  180.08   213.0    33.2 
   0.27  102.71  282.96  180.25   212.6    33.2 
   0.45  102.55  283.12  180.58   212.3    33.5 
   0.63  102.55  283.12  180.58   212.3    33.5 
   0.81  102.39  283.29  180.90   211.9    33.9 
   0.99  102.39  283.29  180.90   211.9    33.9 
   1.17  102.22  283.45  181.23   211.5    34.2 
   1.35  102.22  283.62  181.40   211.5    34.6 
   1.53  102.06  283.62  181.56   211.2    34.6 
   1.71  102.06  283.78  181.73   211.2    35.0 
   1.89  101.89  283.78  181.89   210.8    35.0 
   2.07  101.73  283.95  182.22   210.5    35.3 
   2.25  101.73  283.95  182.22   210.5    35.3 
   2.43  101.56  284.11  182.55   210.1    35.7 
   2.61  101.56  284.28  182.71   210.1    36.0 
   2.79  101.40  284.28  182.88   209.7    36.0 
   2.97  101.40  284.44  183.04   209.7    36.4 
   3.15  101.23  284.44  183.21   209.4    36.4 
   3.33  101.07  284.61  183.54   209.0    36.8 
   3.51  101.07  284.61  183.54   209.0    36.8 
   3.69  100.90  284.77  183.87   208.6    37.1 
   3.87  100.90  284.77  183.87   208.6    37.1 
   4.05  100.74  284.94  184.20   208.3    37.5 
   4.23  100.74  285.10  184.36   208.3    37.8 
   4.41  100.57  285.10  184.53   207.9    37.8 
   4.59  100.57  285.27  184.69   207.9    38.2 
   4.77  100.41  285.27  184.86   207.6    38.2 
   4.95  100.24  285.43  185.19   207.2    38.6 
   5.14  100.24  285.43  185.19   207.2    38.6 
   5.32  100.08  285.60  185.52   206.8    38.9 
   5.50  100.08  285.76  185.69   206.8    39.3 
   5.68   99.91  285.76  185.85   206.5    39.3 
   5.86   99.91  285.93  186.02   206.5    39.6 
   6.04   99.74  285.93  186.18   206.1    39.6 
   6.22   99.58  286.10  186.52   205.8    40.0 
   6.40   99.58  286.10  186.52   205.8    40.0 
   6.58   99.41  286.26  186.85   205.4    40.4 
   6.76   99.41  286.26  186.85   205.4    40.4 
   6.94   99.25  286.43  187.18   205.0    40.7 
   7.12   99.25  286.60  187.35   205.0    41.1 
   7.30   99.08  286.60  187.52   204.7    41.1 
   7.48   99.08  286.76  187.68   204.7    41.4 
   7.66   98.91  286.76  187.85   204.3    41.4 
   7.84   98.74  286.93  188.19   204.0    41.8 
   8.02   98.74  286.93  188.19   204.0    41.8 
   8.20   98.58  287.10  188.52   203.6    42.2 
   8.38   98.58  287.27  188.69   203.6    42.5 
   8.56   98.41  287.27  188.86   203.2    42.5 
   8.74   98.41  287.43  189.03   203.2    42.9 
   8.92   98.24  287.43  189.19   202.9    42.9 
   9.10   98.07  287.60  189.53   202.5    43.2 
   9.28   98.07  287.60  189.53   202.5    43.2 
   9.46   97.90  287.77  189.87   202.2    43.6 
   9.64   97.90  287.77  189.87   202.2    43.6 
   9.82   97.73  287.94  190.21   201.8    44.0 
  10.00   97.73  288.11  190.38   201.8    44.3 
  10.18   97.56  288.11  190.55   201.4    44.3 
  10.36   97.56  288.28  190.72   201.4    44.7 
  10.54   97.39  288.28  190.88   201.1    44.7 
  10.72   97.22  288.45  191.23   200.7    45.0 
  10.90   97.22  288.45  191.23   200.7    45.0 
  11.08   97.05  288.62  191.57   200.4    45.4 
  11.26   97.05  288.79  191.74   200.4    45.8 
  11.44   96.88  288.79  191.91   200.0    45.8 
  11.62   96.88  288.96  192.08   200.0    46.1 
  11.80   96.71  288.96  192.25   199.6    46.1 
  11.98   96.54  289.13  192.59   199.3    46.5 
  12.16   96.54  289.13  192.59   199.3    46.5 
  12.34   96.37  289.30  192.94   198.9    46.8 
  12.52   96.37  289.48  193.11   198.9    47.2 
  12.70   96.19  289.48  193.28   198.6    47.2 
  12.88   96.19  289.65  193.46   198.6    47.6 
  13.06   96.02  289.65  193.63   198.2    47.6 
  13.24   95.85  289.82  193.98   197.8    47.9 
  13.42   95.85  289.82  193.98   197.8    47.9 
  13.60   95.67  290.00  194.32   197.5    48.3 
  13.78   95.67  290.00  194.32   197.5    48.3 
  13.96   95.50  290.17  194.67   197.1    48.6 
  14.14   95.50  290.35  194.85   197.1    49.0 
  14.32   95.33  290.35  195.02   196.8    49.0 
  14.50   95.33  290.52  195.20   196.8    49.4 
  14.68   95.15  290.52  195.37   196.4    49.4 
  14.86   94.97  290.70  195.72   196.0    49.7 
  15.05   94.97  290.70  195.72   196.0    49.7 
  15.23   94.80  290.87  196.08   195.7    50.1 
  15.41   94.80  291.05  196.25   195.7    50.5 
  15.59   94.62  291.05  196.43   195.3    50.5 
  15.77   94.62  291.23  196.61   195.3    50.8 
  15.95   94.44  291.23  196.78   195.0    50.8 
  16.13   94.27  291.41  197.14   194.6    51.2 
  16.31   94.27  291.41  197.14   194.6    51.2 
  16.49   94.09  291.58  197.50   194.2    51.5 
  16.67   94.09  291.76  197.68   194.2    51.9 
  16.85   93.91  291.76  197.86   193.9    51.9 
  17.03   93.91  291.94  198.03   193.9    52.3 
  17.21   93.73  291.94  198.21   193.5    52.3 
  17.39   93.55  292.12  198.58   193.2    52.6 
  17.57   93.55  292.12  198.58   193.2    52.6 
  17.75   93.37  292.30  198.94   192.8    53.0 
  17.93   93.37  292.48  199.12   192.8    53.3 
  18.11   93.18  292.48  199.30   192.4    53.3 
  18.29   93.18  292.67  199.48   192.4    53.7 
  18.47   93.00  292.67  199.66   192.1    53.7 
  18.65   92.82  292.85  200.03   191.7    54.1 
  18.83   92.82  292.85  200.03   191.7    54.1 
  19.01   92.64  293.03  200.40   191.4    54.4 
  19.19   92.64  293.22  200.58   191.4    54.8 
  19.37   92.45  293.22  200.77   191.0    54.8 
  19.55   92.45  293.40  200.95   191.0    55.1 
  19.73   92.27  293.40  201.14   190.6    55.1 
  19.91   92.08  293.59  201.51   190.3    55.5 
  20.09   92.08  293.59  201.51   190.3    55.5 
  20.27   91.89  293.77  201.88   189.9    55.9 
  20.45   91.89  293.96  202.07   189.9    56.2 
  20.63   91.71  293.96  202.26   189.5    56.2 
  20.81   91.71  294.15  202.44   189.5    56.6 
  20.99   91.52  294.15  202.63   189.2    56.6 
  21.17   91.33  294.34  203.01   188.8    56.9 
  21.35   91.33  294.34  203.01   188.8    56.9 
  21.53   91.14  294.53  203.39   188.5    57.3 
  21.71   91.14  294.72  203.58   188.5    57.7 
  21.89   90.95  294.72  203.77   188.1    57.7 
  22.07   90.95  294.91  203.96   188.1    58.0 
  22.25   90.76  294.91  204.15   187.7    58.0 
  22.43   90.57  295.10  204.54   187.4    58.4 
  22.61   90.57  295.10  204.54   187.4    58.4 
  22.79   90.37  295.29  204.92   187.0    58.7 
  22.97   90.37  295.49  205.12   187.0    59.1 
  23.15   90.18  295.49  205.31   186.7    59.1 
  23.33   90.18  295.68  205.50   186.7    59.5 
  23.51   89.98  295.68  205.70   186.3    59.5 
  23.69   89.79  295.88  206.09   185.9    59.8 
  23.87   89.79  295.88  206.09   185.9    59.8 
  24.05   89.59  296.07  206.48   185.6    60.2 
  24.23   89.59  296.27  206.68   185.6    60.5 
  24.41   89.39  296.27  206.88   185.2    60.5 
  24.59   89.39  296.47  207.08   185.2    60.9 
  24.77   89.19  296.47  207.28   184.9    60.9 
  24.95   88.99  296.67  207.68   184.5    61.3 
  25.14   88.99  296.67  207.68   184.5    61.3 
  25.32   88.79  296.87  208.08   184.1    61.6 
  25.50   88.79  297.07  208.28   184.1    62.0 
  25.68   88.59  297.07  208.48   183.8    62.0 
  25.86   88.39  297.27  208.89   183.4    62.3 
  26.04   88.39  297.27  208.89   183.4    62.3 
  26.22   88.18  297.48  209.29   183.1    62.7 
  26.40   88.18  297.68  209.50   183.1    63.1 
  26.58   87.98  297.68  209.70   182.7    63.1 
  26.76   87.98  297.89  209.91   182.7    63.4 
  26.94   87.77  297.89  210.12   182.3    63.4 
  27.12   87.57  298.10  210.53   182.0    63.8 
  27.30   87.57  298.10  210.53   182.0    63.8 
  27.48   87.36  298.30  210.95   181.6    64.1 
  27.66   87.36  298.51  211.16   181.6    64.5 
  27.84   87.15  298.51  211.37   181.3    64.5 
  28.02   86.94  298.72  211.79   180.9    64.9 
  28.20   86.94  298.72  211.79   180.9    64.9 
  28.38   86.73  298.94  212.21   180.5    65.2 
  28.56   86.73  299.15  212.42   180.5    65.6 
  28.74   86.51  299.15  212.64   180.2    65.6 
  28.92   86.51  299.36  212.85   180.2    65.9 
  29.10   86.30  299.36  213.07   179.8    65.9 
  29.28   86.08  299.58  213.50   179.5    66.3 
  29.46   86.08  299.58  213.50   179.5    66.3 
  29.64   85.86  299.80  213.93   179.1    66.7 
  29.82   85.86  300.01  214.15   179.1    67.0 
  30.00   85.65  300.01  214.37   178.7    67.0 
  30.18   85.43  300.23  214.81   178.4    67.4 
  30.36   85.43  300.23  214.81   178.4    67.4 
  30.54   85.21  300.45  215.25   178.0    67.7 
  30.72   85.21  300.68  215.47   178.0    68.1 
  30.90   84.98  300.68  215.69   177.7    68.1 
  31.08   84.76  300.90  216.14   177.3    68.5 
  31.26   84.76  300.90  216.14   177.3    68.5 
  31.44   84.53  301.12  216.59   176.9    68.8 
  31.62   84.53  301.35  216.82   176.9    69.2 
  31.80   84.31  301.35  217.04   176.6    69.2 
  31.98   84.31  301.58  217.27   176.6    69.5 
  32.16   84.08  301.58  217.50   176.2    69.5 
  32.34   83.85  301.81  217.96   175.9    69.9 
  32.52   83.85  302.04  218.19   175.9    70.3 
  32.70   83.62  302.04  218.42   175.5    70.3 
  32.88   83.62  302.27  218.66   175.5    70.6 
  33.06   83.38  302.27  218.89   175.1    70.6 
  33.24   83.15  302.51  219.36   174.8    71.0 
  33.42   83.15  302.51  219.36   174.8    71.0 
  33.60   82.91  302.74  219.83   174.4    71.4 
  33.78   82.91  302.98  220.07   174.4    71.7 
  33.96   82.67  302.98  220.31   174.1    71.7 
  34.14   82.43  303.22  220.79   173.7    72.1 
  34.32   82.43  303.22  220.79   173.7    72.1 
  34.50   82.19  303.46  221.27   173.3    72.4 
  34.68   82.19  303.70  221.51   173.3    72.8 
  34.86   81.95  303.70  221.75   173.0    72.8 
  35.05   81.70  303.95  222.24   172.6    73.2 
  35.23   81.70  303.95  222.24   172.6    73.2 
  35.41   81.46  304.19  222.74   172.3    73.5 
  35.59   81.46  304.44  222.98   172.3    73.9 
  35.77   81.21  304.44  223.23   171.9    73.9 
  35.95   80.96  304.69  223.73   171.5    74.2 
  36.13   80.96  304.94  223.98   171.5    74.6 
  36.31   80.71  304.94  224.24   171.2    74.6 
  36.49   80.71  305.20  224.49   171.2    75.0 
  36.67   80.45  305.20  224.75   170.8    75.0 
  36.85   80.20  305.45  225.26   170.5    75.3 
  37.03   80.20  305.71  225.51   170.5    75.7 
  37.21   79.94  305.71  225.77   170.1    75.7 
  37.39   79.94  305.97  226.03   170.1    76.0 
  37.57   79.68  305.97  226.29   169.7    76.0 
  37.75   79.42  306.23  226.82   169.4    76.4 
  37.93   79.42  306.50  227.08   169.4    76.8 
  38.11   79.15  306.50  227.35   169.0    76.8 
  38.29   78.88  306.76  227.88   168.6    77.1 
  38.47   78.88  306.76  227.88   168.6    77.1 
  38.65   78.62  307.03  228.42   168.3    77.5 
  38.83   78.62  307.30  228.69   168.3    77.8 
  39.01   78.34  307.30  228.96   167.9    77.8 
  39.19   78.07  307.57  229.50   167.6    78.2 
  39.37   78.07  307.85  229.78   167.6    78.6 
  39.55   77.80  307.85  230.05   167.2    78.6 
  39.73   77.80  308.13  230.33   167.2    78.9 
  39.91   77.52  308.13  230.61   166.8    78.9 
  40.09   77.24  308.40  231.17   166.5    79.3 
  40.27   77.24  308.69  231.45   166.5    79.6 
  40.45   76.95  308.69  231.73   166.1    79.6 
  40.63   76.67  308.97  232.30   165.8    80.0 
  40.81   76.67  309.26  232.59   165.8    80.4 
  40.99   76.38  309.26  232.88   165.4    80.4 
  41.17   76.38  309.55  233.16   165.4    80.7 
  41.35   76.09  309.55  233.45   165.0    80.7 
  41.53   75.80  309.84  234.04   164.7    81.1 
  41.71   75.80  310.13  234.33   164.7    81.4 
  41.89   75.50  310.13  234.63   164.3    81.4 
  42.07   75.21  310.43  235.22   164.0    81.8 
  42.25   75.21  310.73  235.52   164.0    82.2 
  42.43   74.91  310.73  235.82   163.6    82.2 
  42.61   74.60  311.03  236.43   163.2    82.5 
  42.79   74.60  311.03  236.43   163.2    82.5 
  42.97   74.30  311.34  237.04   162.9    82.9 
  43.15   74.30  311.65  237.35   162.9    83.2 
  43.33   73.99  311.65  237.66   162.5    83.2 
  43.51   73.68  311.96  238.28   162.2    83.6 
  43.69   73.68  312.27  238.59   162.2    84.0 
  43.87   73.36  312.27  238.91   161.8    84.0 
  44.05   73.04  312.59  239.54   161.4    84.3 
  44.23   73.04  312.91  239.86   161.4    84.7 
  44.41   72.72  312.91  240.18   161.1    84.7 
  44.59   72.40  313.23  240.83   160.7    85.0 
  44.77   72.40  313.56  241.16   160.7    85.4 
  44.95   72.07  313.56  241.48   160.4    85.4 
  45.14   71.74  313.89  242.14   160.0    85.8 
  45.32   71.74  314.22  242.47   160.0    86.1 
  45.50   71.41  314.22  242.81   159.6    86.1 
  45.68   71.07  314.55  243.48   159.3    86.5 
  45.86   71.07  314.89  243.82   159.3    86.8 
  46.04   70.73  314.89  244.16   158.9    86.8 
  46.22   70.39  315.23  244.84   158.6    87.2 
  46.40   70.39  315.23  244.84   158.6    87.2 
  46.58   70.05  315.58  245.53   158.2    87.6 
  46.76   69.70  315.93  246.23   157.8    87.9 
  46.94   69.70  316.28  246.59   157.8    88.3 
  47.12   69.34  316.28  246.94   157.5    88.3 
  47.30   68.98  316.64  247.65   157.1    88.6 
  47.48   68.98  317.00  248.01   157.1    89.0 
  47.66   68.62  317.00  248.37   156.8    89.0 
  47.84   68.26  317.36  249.10   156.4    89.4 
  48.02   68.26  317.73  249.47   156.4    89.7 
  48.20   67.89  317.73  249.83   156.0    89.7 
  48.38   67.52  318.10  250.58   155.7    90.1 
  48.56   67.52  318.47  250.95   155.7    90.5 
  48.74   67.14  318.47  251.33   155.3    90.5 
  48.92   66.76  318.85  252.09   155.0    90.8 
  49.10   66.76  319.23  252.47   155.0    91.2 
  49.28   66.38  319.23  252.85   154.6    91.2 
  49.46   65.99  319.62  253.63   154.2    91.5 
  49.64   65.60  320.01  254.41   153.9    91.9 
  49.82   65.60  320.40  254.80   153.9    92.3 
  50.00   65.21  320.40  255.20   153.5    92.3 
  50.18   64.81  320.80  256.00   153.2    92.6 
  50.36   64.81  321.21  256.40   153.2    93.0 
  50.54   64.40  321.21  256.81   152.8    93.0 
  50.72   63.99  321.61  257.62   152.4    93.3 
  50.90   63.58  322.03  258.45   152.1    93.7 
  51.08   63.58  322.44  258.86   152.1    94.1 
  51.26   63.16  322.44  259.28   151.7    94.1 
  51.44   62.74  322.86  260.12   151.4    94.4 
  51.62   62.74  323.29  260.55   151.4    94.8 
  51.80   62.31  323.29  260.97   151.0    94.8 
  51.98   61.88  323.72  261.84   150.6    95.1 
  52.16   61.45  324.15  262.71   150.3    95.5 
  52.34   61.45  324.59  263.15   150.3    95.9 
  52.52   61.01  324.59  263.59   149.9    95.9 
  52.70   60.56  325.04  264.48   149.5    96.2 
  52.88   60.11  325.49  265.37   149.2    96.6 
  53.06   60.11  325.94  265.83   149.2    96.9 
  53.24   59.66  326.40  266.74   148.8    97.3 
  53.42   59.20  326.40  267.20   148.5    97.3 
  53.60   58.73  326.86  268.13   148.1    97.7 
  53.78   58.26  327.33  269.07   147.7    98.0 
  53.96   58.26  327.80  269.55   147.7    98.4 
  54.14   57.78  327.80  270.02   147.4    98.4 
  54.32   57.30  328.28  270.98   147.0    98.7 
  54.50   56.82  328.77  271.95   146.7    99.1 
  54.68   56.33  329.26  272.93   146.3    99.5 
  54.86   56.33  329.75  273.43   146.3    99.8 
  55.05   55.83  329.75  273.92   145.9    99.8 
  55.23   55.33  330.25  274.93   145.6   100.2 
  55.41   54.82  330.76  275.94   145.2   100.5 
  55.59   54.31  331.27  276.97   144.9   100.9 
  55.77   53.79  331.79  278.00   144.5   101.3 
  55.95   53.79  332.31  278.53   144.5   101.6 
  56.13   53.26  332.84  279.58   144.1   102.0 
  56.31   52.73  332.84  280.11   143.8   102.0 
  56.49   52.20  333.38  281.18   143.4   102.3 
  56.67   51.66  333.92  282.26   143.1   102.7 
  56.85   51.11  334.46  283.35   142.7   103.1 
  57.03   50.55  335.01  284.46   142.3   103.4 
  57.21   50.00  335.57  285.58   142.0   103.8 
  57.39   49.43  336.13  286.70   141.6   104.1 
  57.57   48.86  336.70  287.84   141.3   104.5 
  57.75   48.86  337.28  288.42   141.3   104.9 
  57.93   48.28  337.86  289.58   140.9   105.2 
  58.11   47.70  338.45  290.75   140.5   105.6 
  58.29   47.11  339.04  291.93   140.2   105.9 
  58.47   46.52  339.64  293.13   139.8   106.3 
  58.65   45.91  340.25  294.33   139.5   106.7 
  58.83   44.69  340.86  296.16   138.7   107.0 
  59.01   44.07  341.48  297.40   138.4   107.4 
  59.19   43.45  342.10  298.65   138.0   107.7 
  59.37   42.82  342.73  299.91   137.7   108.1 
  59.55   42.18  343.36  301.18   137.3   108.5 
  59.73   41.54  344.01  302.47   136.9   108.8 
  59.91   40.89  345.31  304.42   136.6   109.5 
  60.09   39.57  345.97  306.39   135.9   109.9 
  60.27   38.91  346.63  307.72   135.5   110.3 
  60.45   38.23  347.30  309.07   135.1   110.6 
  60.63   37.56  348.66  311.10   134.8   111.4 
  60.81   36.18  349.35  313.17   134.1   111.7 
  60.99   35.49  350.04  314.55   133.7   112.1 
  61.17   34.08  351.44  317.36   133.0   112.8 
  61.35   33.37  352.87  319.50   132.6   113.5 
  61.53   31.93  353.59  321.65   131.9   113.9 
  61.71   30.48  355.04  324.57   131.2   114.6 
  61.89   29.00  356.51  327.51   130.5   115.3 
  62.07   27.51  358.00  330.49   129.7   116.0 
  62.25   26.00  359.51  333.51   129.0   116.8 
  62.43   23.71    1.80  -21.91   127.9   117.8 
  62.61   21.39    4.11  -17.28   126.8   118.9 
  62.79   17.49    8.02   -9.47   125.0   120.7 
  62.97   13.54   12.75   -0.79   123.2   122.9 
  63.15   13.54   12.75   -0.79   123.2   122.9 
  63.33   13.54   12.75   -0.79   123.2   122.9 
  63.51   13.54   12.75   -0.79   123.2   122.9 
  63.69   13.54   12.75   -0.79   123.2   122.9 
  63.87   13.54   12.75   -0.79   123.2   122.9 
  64.05   13.54   12.75   -0.79   123.2   122.9 
  64.23   13.54   12.75   -0.79   123.2   122.9 
  64.41   13.54   12.75   -0.79   123.2   122.9 
  64.59   13.54   12.75   -0.79   123.2   122.9 
  64.77   13.54   12.75   -0.79   123.2   122.9 
  64.95   13.54   12.75   -0.79   123.2   122.9 
  65.14   13.54   12.75   -0.79   123.2   122.9 
  65.32   13.54   12.75   -0.79   123.2   122.9 
  65.50   13.54   12.75   -0.79   123.2   122.9 
  65.68   13.54   12.75   -0.79   123.2   122.9 
  65.86   13.54   12.75   -0.79   123.2   122.9 
  66.04   13.54   12.75   -0.79   123.2   122.9 
  66.22   13.54   12.75   -0.79   123.2   122.9 
  66.40   13.54   12.75   -0.79   123.2   122.9 
  66.58   13.54   12.75   -0.79   123.2   122.9 
  66.76   13.54   12.75   -0.79   123.2   122.9 
  66.94   13.54   12.75   -0.79   123.2   122.9 
  67.12   13.54   12.75   -0.79   123.2   122.9 
  67.30   13.54   12.75   -0.79   123.2   122.9 
  67.48   13.54   12.75   -0.79   123.2   122.9 
  67.66   13.54   12.75   -0.79   123.2   122.9 
  67.84   13.54   12.75   -0.79   123.2   122.9 
  68.02   13.54   12.75   -0.79   123.2   122.9 
  68.20   13.54   12.75   -0.79   123.2   122.9 
  68.38   13.54   12.75   -0.79   123.2   122.9 
  68.56   13.54   12.75   -0.79   123.2   122.9 
  68.74   13.54   12.75   -0.79   123.2   122.9 
  68.92   13.54   12.75   -0.79   123.2   122.9 
  69.10   13.54   12.75   -0.79   123.2   122.9 
  69.28   13.54   12.75   -0.79   123.2   122.9 
  69.46   13.54   12.75   -0.79   123.2   122.9 
  69.64   13.54   12.75   -0.79   123.2   122.9 
  69.82   13.54   12.75   -0.79   123.2   122.9 
  70.00   13.54   12.75   -0.79   123.2   122.9 
  70.18   13.54   12.75   -0.79   123.2   122.9 
  70.36   13.54   12.75   -0.79   123.2   122.9 
  70.54   13.54   12.75   -0.79   123.2   122.9 
  70.72   13.54   12.75   -0.79   123.2   122.9 
  70.90   13.54   12.75   -0.79   123.2   122.9 
  71.08   13.54   12.75   -0.79   123.2   122.9 
  71.26   13.54   12.75   -0.79   123.2   122.9 
  71.44   13.54   12.75   -0.79   123.2   122.9 
  71.62   13.54   12.75   -0.79   123.2   122.9 
  71.80   13.54   12.75   -0.79   123.2   122.9 
  71.98   13.54   12.75   -0.79   123.2   122.9 
  72.16   13.54   12.75   -0.79   123.2   122.9 
  72.34   13.54   12.75   -0.79   123.2   122.9 
  72.52   13.54   12.75   -0.79   123.2   122.9 
  72.70   13.54   12.75   -0.79   123.2   122.9 
  72.88   13.54   12.75   -0.79   123.2   122.9 
  73.06   13.54   12.75   -0.79   123.2   122.9 
  73.24   13.54   12.75   -0.79   123.2   122.9 
  73.42   13.54   12.75   -0.79   123.2   122.9 
  73.60   13.54   12.75   -0.79   123.2   122.9 
  73.78   13.54   12.75   -0.79   123.2   122.9 
  73.96   13.54   12.75   -0.79   123.2   122.9 
  74.14   13.54   12.75   -0.79   123.2   122.9 
  74.32   13.54   12.75   -0.79   123.2   122.9 
  74.50   13.54   12.75   -0.79   123.2   122.9 
  74.68   13.54   12.75   -0.79   123.2   122.9 
  74.86   13.54   12.75   -0.79   123.2   122.9 
  75.05   13.54   12.75   -0.79   123.2   122.9 
  75.23   13.54   12.75   -0.79   123.2   122.9 
  75.41   13.54   12.75   -0.79   123.2   122.9 
  75.59   13.54   12.75   -0.79   123.2   122.9 
  75.77   13.54   12.75   -0.79   123.2   122.9 
  75.95   13.54   12.75   -0.79   123.2   122.9 
  76.13   13.54   12.75   -0.79   123.2   122.9 
  76.31   13.54   12.75   -0.79   123.2   122.9 
  76.49   13.54   12.75   -0.79   123.2   122.9 
  76.67   13.54   12.75   -0.79   123.2   122.9 
  76.85   13.54   12.75   -0.79   123.2   122.9 
  77.03   13.54   12.75   -0.79   123.2   122.9 
  77.21   13.54   12.75   -0.79   123.2   122.9 
  77.39   13.54   12.75   -0.79   123.2   122.9 
  77.57   13.54   12.75   -0.79   123.2   122.9 
  77.75   13.54   12.75   -0.79   123.2   122.9 
  77.93   13.54   12.75   -0.79   123.2   122.9 
  78.11   13.54   12.75   -0.79   123.2   122.9 
  78.29   13.54   12.75   -0.79   123.2   122.9 
  78.47   13.54   12.75   -0.79   123.2   122.9 
  78.65   13.54   12.75   -0.79   123.2   122.9 
  78.83   13.54   12.75   -0.79   123.2   122.9 
  79.01   13.54   12.75   -0.79   123.2   122.9 
  79.19   13.54   12.75   -0.79   123.2   122.9 
  79.37   13.54   12.75   -0.79   123.2   122.9 
  79.55   13.54   12.75   -0.79   123.2   122.9 
  79.73   13.54   12.75   -0.79   123.2   122.9 
  79.91   13.54   12.75   -0.79   123.2   122.9 
  80.09   13.54   12.75   -0.79   123.2   122.9 
  80.27   13.54   12.75   -0.79   123.2   122.9 
  80.45   13.54   12.75   -0.79   123.2   122.9 
  80.63   13.54   12.75   -0.79   123.2   122.9 
  80.81   13.54   12.75   -0.79   123.2   122.9 
  80.99   13.54   12.75   -0.79   123.2   122.9 
  81.17   13.54   12.75   -0.79   123.2   122.9 
  81.35   13.54   12.75   -0.79   123.2   122.9 
  81.53   13.54   12.75   -0.79   123.2   122.9 
  81.71   13.54   12.75   -0.79   123.2   122.9 
  81.89   13.54   12.75   -0.79   123.2   122.9 
  82.07   13.54   12.75   -0.79   123.2   122.9 
  82.25   13.54   12.75   -0.79   123.2   122.9 
  82.43   13.54   12.75   -0.79   123.2   122.9 
  82.61   13.54   12.75   -0.79   123.2   122.9 
  82.79   13.54   12.75   -0.79   123.2   122.9 
  82.97   13.54   12.75   -0.79   123.2   122.9 
  83.15   13.54   12.75   -0.79   123.2   122.9 
  83.33   13.54   12.75   -0.79   123.2   122.9 
  83.51   13.54   12.75   -0.79   123.2   122.9 
  83.69   13.54   12.75   -0.79   123.2   122.9 
  83.87   13.54   12.75   -0.79   123.2   122.9 
  84.05   13.54   12.75   -0.79   123.2   122.9 
  84.23   13.54   12.75   -0.79   123.2   122.9 
  84.41   13.54   12.75   -0.79   123.2   122.9 
  84.59   13.54   12.75   -0.79   123.2   122.9 
  84.77   13.54   12.75   -0.79   123.2   122.9 
  84.95   13.54   12.75   -0.79   123.2   122.9 
  85.14   13.54   12.75   -0.79   123.2   122.9 
  85.32   13.54   12.75   -0.79   123.2   122.9 
  85.50   13.54   12.75   -0.79   123.2   122.9 
  85.68   13.54   12.75   -0.79   123.2   122.9 
  85.86   13.54   12.75   -0.79   123.2   122.9 
  86.04   13.54   12.75   -0.79   123.2   122.9 
  86.22   13.54   12.75   -0.79   123.2   122.9 
  86.40   13.54   12.75   -0.79   123.2   122.9 
  86.58   13.54   12.75   -0.79   123.2   122.9 
  86.76   13.54   12.75   -0.79   123.2   122.9 
  86.94   13.54   12.75   -0.79   123.2   122.9 
  87.12   13.54   12.75   -0.79   123.2   122.9 
  87.30   13.54   12.75   -0.79   123.2   122.9 
  87.48   13.54   12.75   -0.79   123.2   122.9 
  87.66   13.54   12.75   -0.79   123.2   122.9 
  87.84   13.54   12.75   -0.79   123.2   122.9 
  88.02   13.54   12.75   -0.79   123.2   122.9 
  88.20   13.54   12.75   -0.79   123.2   122.9 
  88.38   13.54   12.75   -0.79   123.2   122.9 
  88.56   13.54   12.75   -0.79   123.2   122.9 
  88.74   13.54   12.75   -0.79   123.2   122.9 
  88.92   13.54   12.75   -0.79   123.2   122.9 
  89.10   13.54   12.75   -0.79   123.2   122.9 
  89.28   13.54   12.75   -0.79   123.2   122.9 
  89.46   13.54   12.75   -0.79   123.2   122.9 
  89.64   13.54   12.75   -0.79   123.2   122.9 
  89.82   13.54   12.75   -0.79   123.2   122.9 
  90.00   13.54   12.75   -0.79   123.2   122.9 
